33 1975010906
37 1975011006
49 1975011306
65 1975011706
130 1975020212
133 1975020306
153 1975020806
161 1975021006
169 1975021206
173 1975021306
181 1975021506
297 1975111606
301 1975111706
317 1975112106
321 1975112206
325 1975112306
346 1975112812
426 1975121812
429 1975121906
430 1975121912
495 1976010418
497 1976010506
498 1976010512
501 1976010606
502 1976010612
510 1976010812
517 1976011006
553 1976011906
581 1976012606
582 1976012612
614 1976020312
621 1976020506
734 1976110412
782 1976111612
785 1976111706
893 1976121406
897 1976121506
898 1976121512
918 1976122012
921 1976122106
922 1976122112
925 1976122206
941 1976122606
942 1976122612
945 1976122706
946 1976122712
969 1977010206
973 1977010306
974 1977010312
977 1977010406
1006 1977011112
1034 1977011812
1035 1977011818
1037 1977011906
1038 1977011912
1049 1977012206
1053 1977012306
1073 1977012806
1074 1977012812
1077 1977012906
1081 1977013006
1082 1977013012
1121 1977020906
1273 1977111906
1276 1977112000
1277 1977112006
1278 1977112012
1281 1977112106
1282 1977112112
1293 1977112406
1301 1977112606
1302 1977112612
1305 1977112706
1334 1977120412
1336 1977120500
1337 1977120506
1338 1977120512
1340 1977120600
1341 1977120606
1461 1978010506
1465 1978010606
1494 1978011312
1496 1978011400
1497 1978011406
1498 1978011412
1673 1978022706
1777 1978112506
1780 1978112600
1785 1978112706
1834 1978120912
1853 1978121406
1893 1978122406
2093 1979021206
2097 1979021306
2109 1979021606
2110 1979021612
2189 1979110806
2229 1979111806
2281 1979120106
2282 1979120112
2294 1979120412
2322 1979121112
2325 1979121206
2326 1979121212
2329 1979121306
2330 1979121312
2333 1979121406
2334 1979121412
2353 1979121906
2429 1980010706
2430 1980010712
2432 1980010800
2433 1980010806
2434 1980010812
2493 1980012306
2494 1980012312
2497 1980012406
2498 1980012412
2501 1980012506
2502 1980012512
2505 1980012606
2506 1980012612
2509 1980012706
2522 1980013012
2525 1980013106
2526 1980013112
2545 1980020506
2546 1980020512
2549 1980020606
2550 1980020612
2553 1980020706
2554 1980020712
2565 1980021006
2573 1980021206
2574 1980021212
2577 1980021306
2670 1980110712
2673 1980110806
2674 1980110812
2721 1980112006
2778 1980120412
2801 1980121006
2805 1980121106
2833 1980121806
2834 1980121812
2889 1981010106
2909 1981010606
2957 1981011806
2958 1981011812
2961 1981011906
2962 1981011912
2965 1981012006
2966 1981012012
3013 1981020106
3053 1981021106
3061 1981021306
3133 1981110306
3134 1981110312
3241 1981113006
3242 1981113012
3246 1981120112
3265 1981120606
3297 1981121406
3298 1981121412
3301 1981121506
3302 1981121512
3309 1981121706
3310 1981121712
3313 1981121806
3317 1981121906
3321 1981122006
3325 1981122106
3326 1981122112
3329 1981122206
3330 1981122212
3483 1982012918
3486 1982013012
3497 1982020206
3498 1982020212
3501 1982020306
3505 1982020406
3514 1982020612
3517 1982020706
3518 1982020712
3526 1982020912
3529 1982021006
3533 1982021106
3537 1982021206
3541 1982021306
3545 1982021406
3553 1982021606
3573 1982022106
3589 1982022506
3713 1982112806
3746 1982120612
3773 1982121306
3774 1982121312
3777 1982121406
3778 1982121412
3789 1982121706
3901 1983011406
3925 1983012006
3926 1983012012
3941 1983012406
3945 1983012506
3949 1983012606
3961 1983012906
3962 1983012912
3965 1983013006
3966 1983013012
4129 1983111206
4130 1983111212
4177 1983112406
4281 1983122006
4294 1983122312
4320 1983123000
4321 1983123006
4441 1984012906
4553 1984022606
4556 1984022700
4601 1984110906
4737 1984121306
4750 1984121612
4805 1984123006
5029 1985022406
5221 1985121406
5225 1985121506
5226 1985121512
5333 1986011106
5334 1986011112
5337 1986011206
5349 1986011506
5357 1986011706
5466 1986021312
5473 1986021506
5474 1986021512
5477 1986021606
5478 1986021612
5491 1986021918
5514 1986022512
5601 1986111906
5602 1986111912
5633 1986112706
5805 1987010906
5806 1987010912
5809 1987011006
5893 1987013106
5894 1987013112
5897 1987020106
5898 1987020112
5906 1987020312
5917 1987020606
5921 1987020706
6029 1987110606
6033 1987110706
6037 1987110806
6141 1987120406
6189 1987121606
6190 1987121612
6193 1987121706
6194 1987121712
6201 1987121906
6202 1987121912
6205 1987122006
6225 1987122506
6226 1987122512
6234 1987122712
6241 1987122906
6269 1988010506
6270 1988010512
6290 1988011012
6291 1988011018
6293 1988011106
6294 1988011112
6297 1988011206
6298 1988011212
6301 1988011306
6302 1988011312
6305 1988011406
6306 1988011412
6333 1988012106
6334 1988012112
6362 1988012812
6573 1988112106
6594 1988112612
6681 1988121806
6682 1988121812
6685 1988121906
6686 1988121912
6758 1989010612
6761 1989010706
6762 1989010712
6765 1989010806
6806 1989011812
6809 1989011906
6810 1989011912
6813 1989012006
6814 1989012012
6817 1989012106
6849 1989012906
6918 1989021512
6942 1989022112
6943 1989022118
6945 1989022206
6946 1989022212
6981 1989110306
7061 1989112306
7065 1989112406
7113 1989120606
7114 1989120612
7129 1989121006
7130 1989121012
7133 1989121106
7134 1989121112
7137 1989121206
7141 1989121306
7153 1989121606
7154 1989121612
7157 1989121706
7265 1990011306
7266 1990011312
7269 1990011406
7270 1990011412
7281 1990011706
7282 1990011712
7301 1990012206
7461 1990110306
7462 1990110312
7465 1990110406
7466 1990110412
7477 1990110706
7610 1990121012
7611 1990121018
7613 1990121106
7618 1990121212
7621 1990121306
7622 1990121312
7653 1990122106
7657 1990122206
7658 1990122212
7805 1991012806
7809 1991012906
7810 1991012912
7813 1991013006
7814 1991013012
7821 1991020106
7825 1991020206
7853 1991020906
7925 1991022706
7929 1991022806
7930 1991022812
8069 1991120506
8101 1991121306
8118 1991121712
8122 1991121812
8125 1991121906
8126 1991121912
8129 1991122006
8130 1991122012
8137 1991122206
8138 1991122212
8140 1991122300
8141 1991122306
8145 1991122406
8149 1991122506
8152 1991122600
8153 1991122606
8163 1991122818
8165 1991122906
8166 1991122912
8169 1991123006
8181 1992010206
8230 1992011412
8333 1992020906
8334 1992020912
8405 1992022706
8418 1992110112
8421 1992110206
8425 1992110306
8497 1992112106
8601 1992121706
8609 1992121906
8613 1992122006
8617 1992122106
8618 1992122112
8621 1992122206
8625 1992122306
8645 1992122806
8649 1992122906
8650 1992122912
8653 1992123006
8654 1992123012
8689 1993010806
8690 1993010812
8733 1993011906
8757 1993012506
8758 1993012512
8765 1993012706
8806 1993020612
8809 1993020706
8810 1993020712
8897 1993110106
8914 1993110512
9013 1993113006
9014 1993113012
9016 1993120100
9017 1993120106
9025 1993120306
9032 1993120500
9033 1993120506
9062 1993121212
9065 1993121306
9066 1993121312
9069 1993121406
9070 1993121412
9074 1993121512
9126 1993122812
9129 1993122906
9230 1994012312
9233 1994012406
9269 1994020206
9270 1994020212
9325 1994021606
9328 1994021700
9329 1994021706
9349 1994022206
9434 1994111512
9485 1994112806
9517 1994120606
9549 1994121406
9621 1995010106
9622 1995010112
9624 1995010200
9625 1995010206
9633 1995010406
9637 1995010506
9638 1995010512
9745 1995020106
9746 1995020112
9785 1995021106
9826 1995022112
9829 1995022206
9830 1995022212
9834 1995022312
9837 1995022406
9890 1995110912
10113 1996010406
10114 1996010412
10133 1996010906
10145 1996011206
10149 1996011306
10187 1996012218
10189 1996012306
10190 1996012312
10191 1996012318
10197 1996012506
10201 1996012606
10205 1996012706
10226 1996020112
10241 1996020506
10242 1996020512
10261 1996021006
10373 1996110906
10469 1996120306
10481 1996120606
10541 1996122106
10570 1996122812
10573 1996122906
10574 1996122912
10577 1996123006
10633 1997011306
10710 1997020112
10713 1997020206
10721 1997020406
10781 1997021906
10861 1997111106
10937 1997113006
10978 1997121012
10985 1997121206
10986 1997121212
10990 1997121312
11029 1997122306
11044 1997122700
11045 1997122706
11046 1997122712
11049 1997122806
11050 1997122812
11054 1997122912
11057 1997123006
11065 1998010106
11066 1998010112
11085 1998010606
11106 1998011112
11130 1998011712
11169 1998012706
11170 1998012712
11173 1998012806
11174 1998012812
11193 1998020206
11257 1998021806
11281 1998022406
11282 1998022412
11283 1998022418
11285 1998022506
11289 1998022606
11361 1998111606
11364 1998111700
11481 1998121606
11501 1998122106
11613 1999011806
11614 1999011812
11653 1999012806
11673 1999020206
11717 1999021306
12089 2000011706
12109 2000012206
12138 2000012912
12153 2000020206
12154 2000020212
12157 2000020306
12169 2000020606
12193 2000021206
12194 2000021212
12197 2000021306
12369 2000112706
12437 2000121406
